#P HF/6-31G(d) 

H36 C9

0 1
H
H 1 B1
H 1 B2 2 A2
H 3 B3 1 A3 2 D3
H 3 B4 4 A4 2 D4
H 3 B5 4 A5 5 D5
H 5 B6 4 A6 6 D6
H 5 B7 3 A7 6 D7
C 1 B8 3 A8 4 D8
C 6 B9 1 A9 8 D9
C 3 B10 1 A10 2 D10
C 8 B11 3 A11 5 D11
C 4 B12 1 A12 2 D12
C 7 B13 4 A13 5 D13
C 2 B14 3 A14 4 D14
C 5 B15 2 A15 7 D15
C 5 B16 3 A16 4 D16
H 9 B17 1 A17 6 D17
H 9 B18 1 A18 18 D18
H 9 B19 1 A19 18 D19
H 10 B20 6 A20 18 D20
H 10 B21 21 A21 6 D21
H 10 B22 21 A22 22 D22
H 10 B23 22 A23 23 D23
H 11 B24 3 A24 1 D24
H 11 B25 25 A25 3 D25
H 11 B26 26 A26 25 D26
H 11 B27 25 A27 27 D27
H 12 B28 8 A28 22 D28
H 12 B29 29 A29 8 D29
H 12 B30 8 A30 29 D30
H 13 B31 4 A31 1 D31
H 13 B32 32 A32 4 D32
H 13 B33 32 A33 33 D33
H 13 B34 32 A34 33 D34
H 14 B35 7 A35 23 D35
H 14 B36 36 A36 7 D36
H 14 B37 7 A37 36 D37
H 15 B38 2 A38 27 D38
H 15 B39 39 A39 2 D39
H 15 B40 2 A40 39 D40
H 16 B41 5 A41 7 D41
H 16 B42 42 A42 5 D42
H 16 B43 42 A43 43 D43
H 16 B44 42 A44 43 D44

B1=5.244274
B2=3.027888
A2=30.003456
B3=1.789355
A3=72.813734
D3=-57.613370
B4=1.789355
A4=60.000000
D4=-79.713620
B5=1.789355
A5=60.000000
D5=-70.528779
B6=3.027889
A6=72.813753
D6=79.713644
B7=3.027889
A7=72.813753
D7=-79.713644
B8=1.095752
A8=160.050618
D8=-148.441502
B9=3.211449
A9=90.478161
D9=90.828132
B10=3.211449
A10=90.478161
D10=90.828132
B11=1.095751
A11=160.050597
D11=148.441650
B12=3.211449
A12=90.478161
D12=-90.828132
B13=1.095751
A13=160.050597
D13=-148.441650
B14=1.095751
A14=160.050597
D14=148.441353
B15=3.211449
A15=90.478139
D15=90.828094
B16=1.095751
A16=35.264390
D16=-35.264390
B17=1.095752
A17=109.471221
D17=0.000000
B18=1.095752
A18=109.471221
D18=120.000000
B19=1.095752
A19=109.471221
D19=-120.000000
B20=1.095752
A20=180.000000
D20=180.000000
B21=1.095752
A21=109.471199
D21=-126.148147
B22=1.095752
A22=109.471199
D22=-120.000078
B23=1.095752
A23=109.471199
D23=120.000013
B24=1.095752
A24=70.528801
D24=60.000039
B25=1.095752
A25=109.471199
D25=-180.000000
B26=1.095752
A26=109.471199
D26=120.000078
B27=1.095752
A27=109.471199
D27=-120.000013
B28=1.095752
A28=109.471285
D28=14.166989
B29=1.095752
A29=109.471178
D29=120.000092
B30=1.095752
A30=109.471178
D30=119.999987
B31=1.095752
A31=70.528801
D31=-60.000039
B32=1.095752
A32=109.471306
D32=-59.999987
B33=1.095752
A33=109.471199
D33=-120.000013
B34=1.095752
A34=109.471199
D34=120.000013
B35=1.095752
A35=109.471285
D35=-14.166989
B36=1.095752
A36=109.471178
D36=-120.000092
B37=1.095752
A37=109.471178
D37=-119.999987
B38=1.095752
A38=109.471285
D38=14.166989
B39=1.095752
A39=109.471178
D39=120.000092
B40=1.095752
A40=109.471178
D40=119.999987
B41=1.095751
A41=70.528822
D41=-60.000000
B42=1.095751
A42=109.471263
D42=60.000052
B43=1.095751
A43=109.471263
D43=-120.000105
B44=1.095752
A44=109.471178
D44=119.999948



